100
0 1.1 0
1 2.0 0
2 3.0 0
3 4.0 0
4 1.0 0
5 2.0 1
6 3.0 1
7 4.0 1
8 1.0 1
9 2.0 2
10 3.0 2
11 4.0 2
12 1.0 2
13 2.0 3
14 3.0 3
15 4.0 3
16 1.0 3
17 2.0 4
18 3.0 4
19 4.0 4
20 1.0 4
21 2.0 5
22 3.0 5
23 4.0 5
24 1.0 5
25 2.0 6
26 3.0 6
27 4.0 6
28 1.0 6
29 2.0 7
30 3.0 7
31 4.0 7
32 1.0 7
33 2.0 8
34 3.0 8
35 4.0 8
36 1.0 8
37 2.0 9
38 3.0 9
39 4.0 9 
40 1.0 9
41 2.0 10
42 3.0 10
43 4.0 10
44 1.0 10
45 2.0 11
46 3.0 11
47 4.0 11
48 1.0 11
49 2.0 12
50 3.0 12
51 4.0 12
52 1.0 12
53 2.0 13
54 3.0 13
55 4.0 13
56 1.0 13
57 2.0 14
58 3.0 14
59 4.0 14
60 1.0 14
61 2.0 15
62 3.0 15
63 4.0 15
64 1.0 15
65 2.0 16
66 3.0 16
67 4.0 16
68 1.0 16
69 2.0 17
70 3.0 17
71 4.0 17
72 1.0 17
73 2.0 18
74 3.0 18
75 4.0 18
76 1.0 18
77 2.0 19
78 3.0 19
79 4.0 19
80 1.0 19
81 2.0 20
82 3.0 20
83 4.0 20
84 1.0 20
85 2.0 21
86 3.0 21
87 4.0 21
88 1.0 21
89 2.0 22
90 3.0 22
91 4.0 22
92 1.0 22
93 2.0 23
94 3.0 23
95 4.0 23
96 1.0 23
97 2.0 24
98 3.0 24
99 4.0 24